Type,junk_food,Healthy_food,Bevarages,Sleep
obese,25,45,20,10
obese,10,60,15,15
obese,40,40,10,10
obese,15,50,15,20
obese,20,45,25,10
obese,30,50,10,10
obese,5,70,10,15
obese,12,65,13,10
obese,22,42,22,14
obese,25,49,10,16
normal,50,30,10,10
normal,40,20,30,10
normal,45,20,20,15
normal,45,35,5,15
normal,25,50,10,15
normal,36,14,30,20
normal,44,36,15,15
normal,25,25,25,25
normal,30,30,20,20
normal,35,25,20,20
